X1        X2        X3        X4
0.304717        1.363862        -0.059283        -1.766933
-1.039984        0.895185        -0.729287        -4.318477
0.750451        -0.719480        -0.414473        2.911118
0.940565        -1.502503        0.633910        4.807158
-1.951035        -2.964529        0.002993        0.441251
-1.302180        -0.543496        0.340210        -1.267588
0.127840        2.420415        0.670079        -3.892474
-0.316243        0.434884        -0.374841        -1.606252
-0.016801        -0.559572        0.756248        2.409512
-0.853044        0.465080        0.378843        -2.034461
0.879398        -1.560958        -1.234813        3.146340
0.777792        -0.297323        1.442305        3.429477
0.066031        0.099477        -0.500745        0.030052
1.127241        -0.086101        -1.655095        0.060824
0.467509        0.790806        -1.045044        -1.928389
-0.859292        0.344645        -1.021045        -2.947243
0.368751        0.668326        0.052173        -0.580687
-0.958883        -0.688372        -0.273851        -0.448275
0.878450        0.897815        -0.336832        -0.016875
-0.049926        1.628937        0.619702        -3.014761
-0.184862        -0.970150        0.339875        0.723393
-0.680930        -0.887696        0.316048        -1.152315
1.222541        1.335784        0.409828        0.652206
-0.154529        -0.191344        0.616135        0.376673
-0.428328        1.403821        -2.107953        -4.860982
-0.352134        -0.442536        -0.364438        0.207425
0.532309        1.455046        -2.180210        -2.262858
0.365444        0.131486        0.036060        0.477313
0.412733        0.258229        -0.004633        -0.632931
0.430821        1.564718        1.045532        -0.340368
2.141648        -0.361770        1.187634        6.053739
-0.406415        -0.941122        0.202775        0.915769
-0.512243        -0.448564        -0.500361        -0.261188
-0.813773        0.452334        0.485161        -2.500332
0.615979        -1.565759        -0.527918        4.162641
1.128972        0.637471        -0.001393        0.820910
-0.113947        -0.538771        0.986136        1.743783
-0.840156        1.147813        -0.557771        -4.691923
-0.824481        -2.394260        0.805679        2.121839
0.650593        -0.786566        0.677401        3.781140
0.743254        -1.686468        -0.954792        3.121927
0.543154        -0.826229        0.973894        3.524729
-0.665510        0.247666        0.698566        -1.025187
0.232161        -0.179227        0.101926        0.762224
0.116686        -0.253378        -0.762323        0.685504
0.218689        -0.159185        -0.859206        -0.129540
0.871429        0.203388        -0.537663        0.117276
0.223596        -1.008536        0.542594        1.992451
0.678914        0.706850        -0.955625        -0.191352
0.067579        0.662666        0.437512        -0.311076
0.289119        0.385038        -1.241756        -1.776252
0.631288        0.556533        -0.204069        -0.097650
-1.457156        0.296418        0.109648        -3.562081
-0.319671        2.035073        2.445130        -1.918583
-0.470373        -0.087094        -1.377316        -2.599913
-0.638878        -0.307083        1.472015        0.046295
-0.275142        -0.753528        0.149842        0.335576
1.494941        -1.032263        0.411172        5.252981
-0.865831        -1.244472        0.118348        0.634284
0.968278        -0.888797        0.444727        3.552629
-1.682870        -0.070680        -0.153685        -3.578687
-0.334885        0.334295        1.454050        0.061990
0.162753        0.051142        -0.456471        -0.524671
0.586222        -0.765535        1.132235        2.653119
0.711227        0.900185        -0.644367        -0.913428
0.793347        0.739413        -0.060252        0.111967
-0.348725        -0.159648        -1.071963        -1.897285
-0.462352        -0.652916        0.455024        0.499719
0.857976        0.548428        1.445126        2.414268
-0.191304        0.187974        -0.077356        -1.520003
-1.275686        -1.448127        -0.196886        -0.524126
-1.133287        -0.067980        -1.114617        -3.166266
-0.919452        0.262036        -0.229293        -2.244638
0.497161        -0.899695        -1.592794        1.063159
0.142426        0.189843        -0.912878        -1.457016
0.690485        -1.454822        0.226786        3.113439
-0.427253        1.336186        1.319013        -1.788862
0.158540        1.247950        2.809211        1.206914
0.625590        -0.252517        -0.586585        0.053595
-0.309347        0.363454        1.435300        0.157229
0.456775        -2.409922        0.243752        5.318246
-0.661926        -1.156348        -0.151248        0.213159
-0.363054        -0.293779        0.432594        0.335737
-0.381738        -1.072133        0.061916        0.542722
-1.195840        0.714396        0.110396        -3.434641
0.486972        1.997297        -0.408333        -3.159123
-0.469402        -1.176615        -1.398110        -1.464542
0.012494        -0.837463        -1.543625        0.517666
0.480747        0.235448        0.653245        0.638419
0.446531        1.611116        -0.276700        -1.972736
0.665385        -1.222374        -0.596089        1.994239
-0.098485        0.249036        0.008506        -1.268706
-0.423298        1.821299        0.794932        -3.029518
-0.079718        -1.651759        0.180364        2.097705
-1.687334        -1.281069        -0.656055        -1.788924
-1.447112        -0.423607        1.226293        -1.051511
-1.322700        -0.520588        1.579186        -0.440743
-0.997247        0.812601        0.494557        -2.698450
0.399774        0.241660        0.973664        2.004874
-0.905479        -1.774962        1.241960        1.311256
-0.378163        0.515410        1.130099        -0.652829
1.299228        -0.577539        0.614099        4.522389
-0.356264        1.274447        0.598347        -1.513251
0.737516        -0.627588        0.519661        2.121259
-0.933618        -0.636615        -1.097338        -1.946360
-0.205438        0.541132        0.700723        0.017067
-0.950022        0.762926        -1.355814        -3.875045
-0.339033        0.448099        -0.794599        -1.888263
0.840308        -1.685597        1.303565        5.143022
-1.727320        0.538034        0.840220        -3.781417
0.434424        -1.034308        1.487398        3.754338
0.237736        0.235276        -0.271674        -0.220970
-0.594150        -1.423734        -1.152249        0.004213
-1.446058        0.446322        -0.240437        -3.714649
0.072130        -0.806599        0.102031        1.096747
-0.529493        -1.282635        0.078989        1.194222
0.232676        0.713820        1.133680        1.758689
0.021852        0.241645        -0.361270        -1.496272
1.601779        -0.613977        0.352034        4.568157
-0.239356        1.451179        -0.988627        -3.826476
-1.023497        -0.440652        0.450317        -0.737061
0.179276        0.032108        0.003109        0.336155
0.219997        0.268913        -0.749813        -0.182300
1.359188        -0.619666        -0.235829        4.046964
0.835111        0.471136        -0.184176        0.912388
0.356871        -0.533452        -0.270155        1.863823
1.463303        -0.411638        1.771341        3.788987
-1.188763        1.362643        -0.098446        -3.705021
-0.639752        -1.040586        -0.243896        0.273790
-0.926576        -2.412780        -2.097451        0.626980
-0.389810        1.610937        -0.894207        -4.521329
-1.376686        2.549328        -0.263073        -7.203208
0.635151        -0.405269        -0.685853        1.402493
-0.222223        -1.936838        1.381708        3.557659
-1.470806        -0.310484        -0.164938        -2.466303
-1.015579        -0.286223        1.288444        -0.028811
0.313514        -0.189924        0.061705        0.078667
0.838127        -1.113388        0.037228        3.863027
1.996731        0.579561        -0.088796        3.057224
2.913862        0.524507        0.003796        4.942110
0.414409        -1.494406        1.718795        3.709906
-0.989538        0.699197        -2.319611        -4.632036
-2.132046        2.052685        -2.001546        -10.151411
0.267711        0.171960        -0.543171        0.167143
-0.812941        -0.337325        0.014528        -1.854325
-0.415357        -0.142003        0.690104        -0.038897
-0.612097        0.615257        0.473087        -1.828193
-0.140791        -1.730672        -0.384246        2.591798
1.065980        0.164391        1.019044        2.611282
0.157049        -0.390464        1.030195        1.376880
-0.158635        1.847825        0.184058        -3.195062
-1.035654        -0.174173        0.962658        -0.403481
-1.674683        1.667888        0.272645        -5.364933
-0.486308        -1.103741        -0.561483        0.040994
-0.053783        0.587259        0.697817        -0.548424
1.767930        0.319400        0.110613        2.361661
0.130275        -0.869047        0.001340        1.759429
0.982740        0.177396        1.472954        1.997840
-0.499296        1.212519        -2.450872        -4.402169
-1.184944        -0.323792        -1.417684        -2.954037
-0.965117        -1.691963        -1.187070        0.851530
-0.725226        -0.017563        -0.363261        -2.264784
2.128470        -0.902423        -0.254608        5.355557
-0.821387        -0.342341        -1.507326        -1.435979
0.838489        -0.081588        -0.985158        1.606928
-0.902927        -1.705652        -0.860842        -0.284155
0.931573        -1.615658        2.457424        6.364557
0.384951        0.482067        1.801742        1.489195
-0.156638        -0.522719        -0.411749        0.282381
-0.040763        -2.564744        -0.363583        3.125385
-0.654788        0.784844        -1.149204        -3.450865
0.446072        0.272370        -1.908130        -1.841941
-0.454983        -0.713875        -0.116880        0.134903
-1.225606        -1.316830        -0.997852        -1.049237
-1.277938        0.835808        -0.084851        -3.991177
0.172588        0.349351        -1.600206        -2.266540
1.579091        2.382602        -0.761974        -0.531035
0.159992        0.420189        0.148627        -0.009135
-0.118638        0.387703        0.366210        -0.888871
0.285826        -0.166928        0.417472        1.015722
1.306002        0.816776        -1.320489        -0.419886
0.219383        0.625085        0.854686        -0.327819
-0.410927        1.251725        -0.800212        -3.608517
1.106289        -0.521323        0.632858        4.115059
0.428756        -0.435407        -0.010639        1.182361
1.535756        -0.479103        -1.376387        3.009164
0.183234        0.790802        -0.316198        -1.341850
-1.224469        1.498374        0.365364        -4.280235
-1.368159        -0.458840        0.612965        -1.628383
1.650928        -0.424774        -0.140988        4.262754
1.723666        0.314077        1.531779        3.934233
-0.179519        -0.245762        1.007511        0.029348
-0.383187        0.952054        -0.256654        -3.090753
1.461444        -2.251777        0.750122        6.634713
-1.107046        -0.826705        1.933793        -0.051529
-0.894727        -0.782416        1.960485        1.157664
0.643327        -2.320356        -1.228000        3.551904
-0.394605        -0.963638        -0.926533        1.102324
-0.005122        -0.915156        1.484919        1.681568
-0.163443        -0.201105        -1.058281        -0.770037
0.337575        1.112966        -1.322541        -2.616309
1.407482        -0.245061        -0.486194        2.546899
0.090585        -1.030814        0.420227        2.134281
0.643939        -0.056955        -0.102397        0.128706
-2.050172        1.049174        -0.650564        -6.076142
-0.048718        -0.975959        -0.674212        1.778585
-0.843230        -0.910575        -0.712337        -1.117187
-1.218813        0.558549        -0.879510        -3.849153
-0.878152        -0.221536        2.281633        0.913767
-0.334123        0.647485        0.297511        -1.483442
0.915903        -0.013647        0.886759        2.271202
-1.326393        0.701664        -0.489077        -5.234411
0.030631        -1.035078        -0.185957        1.785610
-0.484169        -0.012085        -0.713554        -1.577639
-0.327673        -0.210690        -2.651708        -2.967020
1.002758        -1.215891        -1.378009        2.790243
0.538115        -1.563478        -1.810619        1.681113
1.337398        0.685749        -2.249784        -0.417867
-0.154506        -0.350952        -1.195359        -0.435724
-0.695943        -1.022280        1.324956        0.532309
-0.223859        -0.096179        -0.044436        0.184659
0.242497        1.128019        1.290564        -0.873427
0.176573        -2.280738        0.410983        3.771689
-1.084388        -1.496639        0.782559        1.663702
0.090490        -0.922886        -0.900897        1.408269
0.228228        1.461179        0.523951        -1.267349
2.517474        0.282587        0.728714        4.723774
1.876845        0.767317        -0.576647        1.876759
-0.853243        -1.140161        0.559540        0.488025
-0.287383        -1.119536        0.566188        1.576249
-1.463442        0.447814        -0.549553        -4.083682
-0.590707        0.058274        -1.122768        -2.182457
0.315605        0.548739        -1.184128        -1.246388
1.205854        -0.187671        0.086506        2.041429
-0.729084        0.278144        0.327010        -1.872031
-0.654146        0.158119        -0.792526        -1.722180
-2.147289        0.777767        0.026585        -6.124128
-0.162666        0.807008        0.570537        -1.174192
-1.062414        -1.619872        0.618191        0.389655
-0.529439        -2.247269        1.551880        3.609203
-0.876861        1.001745        1.276981        -2.429072
-0.094263        1.187725        -1.001291        -2.032449
-1.757728        -1.020623        1.683586        -0.384362
-1.467045        -1.859835        -0.530977        -1.225020
2.129247        0.099035        1.044873        5.281454
-1.287423        0.930838        0.067987        -4.304039
-1.096786        1.797595        -0.412149        -5.508181
1.836914        0.516298        -1.807697        1.610133
2.905067        -0.371717        -0.171565        5.984584
-1.171567        -0.893131        -1.559383        -1.804516
-0.368249        0.011451        0.967299        -0.367090
0.341556        -0.299265        1.516793        2.035969
1.728698        -1.015068        -0.796911        4.014283
-0.986857        2.048756        0.301971        -5.088090
-0.245278        1.785168        -0.725392        -3.199026
0.777338        1.136049        -0.628485        -0.337788
0.434766        -0.920850        0.774495        3.725375
-0.376156        0.855019        -0.038538        -0.931850
-0.133823        0.639626        1.739648        -0.350726
-1.374896        0.442546        -0.482232        -3.764186
-0.238174        1.249665        0.999336        -2.139476
-0.266387        0.635371        0.097413        -1.796704
0.232170        0.740014        0.795778        -0.324100
-0.555327        0.636906        -0.447158        -2.952317
0.471539        0.340791        -0.049559        -0.133701
1.012716        -1.783611        -0.115499        4.536307
0.155429        0.083621        -0.836057        -1.091778
0.351756        -0.556192        0.662082        2.488529
0.053155        -1.279841        0.650249        2.087395
0.000084        1.681817        0.593555        -0.642928
-0.721558        1.728995        1.536966        -3.032729
0.316494        1.359221        1.449345        -0.210358
-0.097287        0.255213        -0.374945        -1.525020
2.093168        1.350625        0.373052        3.311887
1.573355        0.012053        -0.623601        3.189500
0.385847        0.202797        0.023355        0.634639
-0.763057        -1.093471        -0.599749        -1.039108
-1.112411        0.396991        1.620070        -1.418920
1.191143        0.060386        0.363698        2.021950
0.262749        -1.302652        -0.218029        3.036231
0.480143        -0.051197        1.193619        2.396575
-1.744586        -0.079730        -2.170615        -5.058350
0.927438        1.797561        -2.014103        -3.670935
0.454420        0.894213        0.795839        -0.287516
-1.110431        0.011445        0.060468        -1.845774
-0.471525        0.248787        0.250446        -0.509432
0.263717        0.044212        -1.326396        -0.045416
0.052467        -0.202914        -0.023234        -0.405289
-0.292171        -1.082427        2.003509        2.792882
-0.103488        -0.151052        0.824200        1.186719
-0.251977        -0.746098        0.169707        -0.078210
0.152563        -1.250316        -0.439054        1.825403
1.471492        0.511222        -0.394573        1.997414
-2.566658        0.391265        -2.129198        -7.573954
-0.236850        -1.786708        0.257640        1.486392
0.176512        -0.122685        0.845483        1.050589
0.295994        0.995701        -1.575619        -2.325712
-0.371915        1.059224        -0.661417        -2.935834
-1.756722        1.025837        -1.157465        -6.259906
0.327995        0.038913        -0.965351        -0.396166
1.727350        -0.845045        0.053482        4.745201
-1.533861        -1.083699        -2.084402        -2.888469
0.863828        0.344605        0.614270        1.549952
-0.328525        0.379280        0.753855        -0.827711
-0.061324        1.287331        -0.251103        -2.208350
-1.052899        1.099980        -2.480709        -6.700791
-0.334456        -0.132229        -0.996419        -1.029187
1.300045        -1.244206        1.232902        5.452438
0.582655        -0.319107        -2.777994        -0.558578
1.732312        0.217231        -0.347523        3.341125
1.177412        -0.202083        -1.180001        0.737540
0.439087        -0.577894        0.804570        1.401754
1.743935        0.252885        -0.675114        2.705353
0.438993        -0.503958        0.403954        1.953528
0.827988        -0.628066        0.565460        3.135532
-0.296571        0.311453        1.836226        0.177596
0.066546        -0.401993        -0.202942        0.905904
-0.697424        0.244104        0.376044        -0.993849
0.989584        0.273204        -1.485055        0.623309
-1.178304        -1.139429        1.190414        0.174453
0.782350        -0.481241        -0.760509        0.624311
-0.190651        1.437777        -0.560754        -2.601953
1.171247        -1.162080        -0.022248        4.678680
0.750869        -2.116654        -1.562884        3.748691
1.820646        -1.861845        0.228770        6.177255
0.730775        0.029110        0.967466        2.528755
-1.572040        0.030917        0.292934        -2.525845
-0.066953        -0.117611        -1.588898        -0.449200
-1.172007        1.214190        -0.123809        -4.702402
-0.518280        -2.672834        0.742029        3.453088
1.511228        0.395934        -1.877989        1.299801
0.637534        1.561438        -1.074766        -1.898197
-0.698930        -1.127781        0.876544        0.436381
-1.013717        -0.379807        0.270095        -1.034340
0.032782        -0.752892        0.411972        1.813810
-1.216560        -0.894346        1.859495        0.439976
-0.671140        -0.326262        0.468553        -0.368253
0.312009        1.427485        0.657888        -1.120252
1.155312        1.837387        2.710746        2.462280
0.608761        -0.335939        -0.213805        1.100042
-2.291290        1.905060        -0.797883        -8.372136
0.304367        0.035576        0.427796        0.903099
0.072034        1.753691        0.438991        -1.695800
0.413890        -0.093299        -0.526715        -0.202330
1.616210        0.131058        -1.032397        1.554767
-2.063238        0.365474        2.309844        -3.845677
-0.591103        3.178854        0.326843        -5.672665
0.590906        0.851286        -0.732285        -1.240097
-1.581594        -0.707265        0.915930        -1.561823
1.475949        0.968998        -0.109145        1.741774
0.368357        -0.361833        -0.252881        0.756386
0.846584        -0.489750        0.562273        2.993253
-0.570944        0.908601        -1.291882        -3.687964
0.813764        0.031086        0.352627        2.199058
1.068472        0.278576        1.912955        3.487007
0.232878        0.013985        0.466178        0.471753
0.234401        0.336583        -0.376212        -0.421368
0.270343        0.424966        -0.507105        0.019425
-0.863345        -1.936967        -0.410340        1.047176
-0.147529        0.666573        -0.253963        -2.196568
-0.152523        -0.982019        -0.377807        1.193548
0.383394        -1.442299        0.916311        3.120980
0.999824        -0.058411        -1.733209        1.406955
-1.058536        0.083981        0.862000        -1.041394
-0.125009        -0.693506        -0.379687        0.631435
1.481456        0.831032        0.376948        2.096538
-0.743588        -1.342175        -1.126988        -0.480020
-0.822250        -0.406944        1.328631        0.368082
0.202306        -0.584874        1.245635        2.093042
0.844385        -0.046587        0.959591        2.644109
0.011426        0.278864        -1.514755        -1.171281
1.328961        -1.007893        0.829121        4.552154
0.856794        0.724283        0.404855        0.642952
0.841820        0.063002        -1.605271        -0.292263
0.554117        -1.891946        -0.024297        3.394478
2.327653        -1.958591        0.364534        6.970623
-0.205162        -0.012319        0.556075        0.417930
-2.003522        -0.220967        0.177261        -2.629327
1.604254        -0.103420        0.291231        4.309288
-0.457699        -0.027982        1.473611        -0.507578
0.107880        0.225560        1.226034        1.220676
1.309551        0.947650        -2.867055        -0.384964
-1.602260        -1.111105        -0.317439        -2.020218
-1.251647        -1.171972        -0.164651        -0.826334
-1.601278        -1.093324        -1.752099        -3.968195
-0.794136        0.288917        0.094183        -1.812933
0.439637        1.244947        1.248758        -0.520922
0.524188        -0.431339        -1.086568        0.925948
0.276274        -2.501700        0.336401        3.793617
-1.412766        -1.703993        -0.915823        -0.730772
-2.310103        -0.833037        -0.671912        -3.395925
0.054354        -0.557729        1.477394        1.735625
-0.471776        -0.408389        -0.542558        -1.333477
0.459386        0.038581        0.462212        0.152658
0.701954        -0.311746        -1.871218        0.241345
0.138241        1.049340        1.862318        -0.098469
0.760133        -0.676017        0.602652        2.240904
0.229211        -0.862318        -0.182500        1.832409
0.530065        0.478876        0.575547        0.577268
-0.704673        -1.535642        -1.409819        -0.771607
-0.179611        0.389692        1.182531        -0.275022
0.196776        0.102553        -0.323985        0.516187
0.820528        -0.147442        -0.204070        2.000434
-0.393741        1.588276        -0.491656        -3.628234
0.521167        -0.622207        -0.580651        1.820677
-0.265839        2.060298        0.694671        -3.646844
-0.117542        -0.225431        0.255907        0.323973
0.829519        -1.277016        0.651748        4.169622
-1.993060        0.069920        -0.008795        -4.332954
-1.296472        -1.076245        0.513200        -0.350288
-1.482185        -0.751756        -0.418849        -2.562033
-2.333616        0.397033        2.229732        -3.224086
-0.678264        0.555582        -1.567930        -3.168317
0.749434        -0.622168        1.260937        1.982289
-0.284884        0.987405        1.367907        -0.361397
0.197790        1.157508        -0.852159        -3.546225
1.089217        1.436302        2.229274        1.499377
1.327686        0.529413        0.995490        3.170318
-0.069138        1.363429        0.971139        -1.565151
1.353586        -1.880798        0.028022        4.817694
0.092127        -0.317907        -0.217226        -0.059536
-0.837398        -0.867005        -0.209409        -0.028363
-0.594400        0.119226        0.390531        -2.015967
-1.480537        -0.571449        1.401186        -0.418455
-0.888134        -0.166158        0.181314        -1.409531
-0.358017        1.882175        -0.911444        -4.864648
0.803585        -0.169720        0.824427        2.229734
1.720770        0.413792        0.921151        3.049160
-1.382182        -0.232269        0.654660        -1.459119
0.392827        0.075713        0.745499        1.634698
-1.040544        0.006017        -0.270928        -3.166436
0.474697        0.448324        -0.928989        -0.668079
-0.131087        1.165308        -0.868193        -3.136282
-1.830906        1.647394        -1.635463        -6.794518
0.928297        0.309620        0.236949        0.906673
-0.605001        0.589547        -0.083449        -1.358966
-0.533900        -1.150865        -0.439988        0.289859
-1.069752        -0.087877        -2.955619        -4.953152
-0.654283        0.940289        -1.247317        -4.055492
0.427890        0.865969        1.120841        0.052691
-0.189244        0.211610        -0.664626        -1.864913
0.328662        0.886394        0.360592        -0.336380
0.361922        0.490767        -1.390685        -1.738812
1.320662        1.200306        1.438705        0.901645
-0.342786        0.289359        -0.144028        -1.424671
-1.476858        -0.355698        0.290040        -3.089564
1.067222        0.335841        2.325780        3.115226
-0.331488        -2.930594        1.516440        4.491516
1.114592        0.382886        -0.306566        0.973996
0.383377        -3.648413        -0.593220        6.765279
-0.131138        -1.723463        -0.325545        2.090690
0.348776        0.451769        0.509898        0.550503
1.951013        0.477529        -0.105224        2.213353
2.076981        -1.162429        -0.395244        5.254427
0.069381        -0.712102        1.467181        2.488312
0.160191        1.370541        -0.114210        -2.339063
1.076240        -0.484030        2.299589        5.172228
-0.845661        2.242920        0.090743        -5.584457
0.333070        -0.001920        1.785318        1.954092
-0.025863        0.408036        0.357319        -0.670950
0.313908        1.616874        0.962961        -0.944966
-0.833369        0.131027        -0.724611        -2.763212
-1.589567        -1.002344        -0.853759        -2.494073
-2.072983        -0.109727        0.459706        -3.731676
-1.117384        -0.035611        0.988553        -1.757703
-0.458675        -1.364742        0.040257        1.404514
-0.293192        -0.255832        -1.286393        -1.112556
1.937231        -0.742192        -1.360258        3.855237
1.105993        0.924358        -1.427136        -0.531488
-0.962091        0.034612        -1.767622        -2.991926
0.347708        -0.282796        0.109485        1.089282
-0.407078        -0.106182        1.125044        0.091803
-0.284364        0.223122        -0.013416        -0.861798
0.185326        0.616814        -2.260415        -1.514608
0.619171        -0.999712        -0.190760        1.915124
-0.339258        -1.041588        -0.162799        1.138554
1.063852        1.104679        2.095999        1.200898
-1.141938        -0.412337        -1.457138        -2.722445
0.006339        -1.416842        -0.390678        2.612941
2.597674        0.443813        1.705853        6.138645
0.223080        0.463370        0.449978        0.196400
1.433215        -1.530715        0.563313        5.332928
0.091520        0.229482        0.114584        -0.053991
0.580777        0.735583        0.329944        0.196103
-0.056783        0.374386        0.777610        -0.446047
-0.170408        0.631981        -0.809486        -2.081314
-0.779482        -1.404269        0.878059        1.349076
0.430301        0.331040        -1.373003        -1.117968
-0.851537        -0.302620        0.328368        -1.389591
0.665585        -0.482790        0.178741        1.518227
1.085287        0.870556        -0.616293        0.567069
0.366531        1.479275        -0.022685        -1.231336
-0.286249        1.794370        -0.622540        -3.646254
0.453966        1.314808        -1.071701        -1.439056
-0.308673        -0.109734        -0.353615        -0.691703
0.935547        0.352720        -1.103989        0.654829
-1.831406        0.766823        0.322797        -4.402890
-0.335607        0.121178        -1.150085        -1.818820
-1.990812        0.130764        0.711977        -3.873600
-1.495061        0.823753        -1.181479        -4.063858